function x = data()
x = [
% maxiter width height lower_r upper_r lower_i upper_i nb_thread loadbalance try thread thread_start_time_sec thread_start_time_nsec thread_stop_time_sec thread_stop_time_nsec global_start_time_sec global_start_time_nsec global_stop_time_sec global_stop_time_nsec
256 500 375 -2 0.6 -1 1 0 0 1 0 11857346 458322008 11857346 599476466 11857346 458321919 11857346 599476525
256 500 375 -2 0.6 -1 1 0 0 2 0 11857346 654679849 11857346 795935173 11857346 654679773 11857346 795935224
256 500 375 -2 0.6 -1 1 0 0 3 0 11857346 851177700 11857346 992878483 11857346 851177565 11857346 992878551
256 500 375 -2 0.6 -1 1 0 0 4 0 11857347 45082818 11857347 186311197 11857347 45082744 11857347 186311257
256 500 375 -2 0.6 -1 1 0 0 5 0 11857347 238673801 11857347 380095471 11857347 238673728 11857347 380095585
256 500 375 -2 0.6 -1 1 0 0 6 0 11857347 454287191 11857347 595527404 11857347 454287118 11857347 595527473
256 500 375 -2 0.6 -1 1 0 0 7 0 11857347 647775974 11857347 789046991 11857347 647775902 11857347 789047051
256 500 375 -2 0.6 -1 1 0 0 8 0 11857347 850831384 11857347 992033958 11857347 850831313 11857347 992034011
256 500 375 -2 0.6 -1 1 0 0 9 0 11857348 50064725 11857348 194480977 11857348 50064577 11857348 194481065
256 500 375 -2 0.6 -1 1 0 0 10 0 11857348 247243930 11857348 388656489 11857348 247243856 11857348 388656577
256 500 375 -2 0.6 -1 1 0 1 1 0 11857348 451876290 11857348 593080791 11857348 451876221 11857348 593080865
256 500 375 -2 0.6 -1 1 0 1 2 0 11857348 648104771 11857348 791327841 11857348 648104626 11857348 791327900
256 500 375 -2 0.6 -1 1 0 1 3 0 11857348 844571327 11857348 985751914 11857348 844571256 11857348 985752026
256 500 375 -2 0.6 -1 1 0 1 4 0 11857349 38897101 11857349 180149877 11857349 38897026 11857349 180149930
256 500 375 -2 0.6 -1 1 0 1 5 0 11857349 236423107 11857349 379694435 11857349 236422962 11857349 379694496
256 500 375 -2 0.6 -1 1 0 1 6 0 11857349 432822902 11857349 573977999 11857349 432822828 11857349 573978067
256 500 375 -2 0.6 -1 1 0 1 7 0 11857349 627438480 11857349 768679018 11857349 627438406 11857349 768679073
256 500 375 -2 0.6 -1 1 0 1 8 0 11857349 829090974 11857349 970284949 11857349 829090901 11857349 970285012
256 500 375 -2 0.6 -1 1 0 1 9 0 11857350 32635739 11857350 175720246 11857350 32635665 11857350 175720322
256 500 375 -2 0.6 -1 1 0 1 10 0 11857350 226953609 11857350 368165232 11857350 226953536 11857350 368165288
256 500 375 -2 0.6 -1 1 0 2 1 0 11857350 433788166 11857350 574961473 11857350 433788089 11857350 574961561
256 500 375 -2 0.6 -1 1 0 2 2 0 11857350 629843360 11857350 772229351 11857350 629843207 11857350 772229431
256 500 375 -2 0.6 -1 1 0 2 3 0 11857350 833955466 11857350 976303997 11857350 833955321 11857350 976304067
256 500 375 -2 0.6 -1 1 0 2 4 0 11857351 42288896 11857351 183501096 11857351 42288827 11857351 183501153
256 500 375 -2 0.6 -1 1 0 2 5 0 11857351 244219137 11857351 387564991 11857351 244218999 11857351 387565069
256 500 375 -2 0.6 -1 1 0 2 6 0 11857351 448597568 11857351 589836604 11857351 448597495 11857351 589836654
256 500 375 -2 0.6 -1 1 0 2 7 0 11857351 652591575 11857351 793931907 11857351 652591499 11857351 793932015
256 500 375 -2 0.6 -1 1 0 2 8 0 11857351 857722797 11857351 998946847 11857351 857722710 11857351 998946919
256 500 375 -2 0.6 -1 1 0 2 9 0 11857352 56133330 11857352 201691471 11857352 56133185 11857352 201691544
256 500 375 -2 0.6 -1 1 0 2 10 0 11857352 255193568 11857352 397631607 11857352 255193497 11857352 397631732
256 500 375 -2 0.6 -1 1 1 0 1 1 11857352 467144696 11857352 614881297 11857352 467138662 11857352 614950061
256 500 375 -2 0.6 -1 1 1 0 2 1 11857352 672116110 11857352 819355891 11857352 672093262 11857352 819420180
256 500 375 -2 0.6 -1 1 1 0 3 1 11857352 877458081 11857353 22869588 11857352 877408755 11857353 22940095
256 500 375 -2 0.6 -1 1 1 0 4 1 11857353 80796575 11857353 226184380 11857353 80747064 11857353 226248838
256 500 375 -2 0.6 -1 1 1 0 5 1 11857353 284739097 11857353 430152668 11857353 284685410 11857353 430218513
256 500 375 -2 0.6 -1 1 1 0 6 1 11857353 490077347 11857353 635414339 11857353 490073702 11857353 635472578
256 500 375 -2 0.6 -1 1 1 0 7 1 11857353 693795333 11857353 839107770 11857353 693788868 11857353 839176914
256 500 375 -2 0.6 -1 1 1 0 8 1 11857353 906360855 11857354 54502796 11857353 906354816 11857354 54558001
256 500 375 -2 0.6 -1 1 1 0 9 1 11857354 113170662 11857354 258828530 11857354 113142588 11857354 258883229
256 500 375 -2 0.6 -1 1 1 0 10 1 11857354 324542228 11857354 473600148 11857354 324488763 11857354 473661814
256 500 375 -2 0.6 -1 1 1 1 1 1 11857354 544702161 11857354 544702321 11857354 544642731 11857354 544858283
256 500 375 -2 0.6 -1 1 1 1 2 1 11857354 598876669 11857354 598876743 11857354 598873135 11857354 598878804
256 500 375 -2 0.6 -1 1 1 1 3 1 11857354 655704217 11857354 655704357 11857354 655697132 11857354 655707961
256 500 375 -2 0.6 -1 1 1 1 4 1 11857354 711748021 11857354 711748158 11857354 711740848 11857354 711751794
256 500 375 -2 0.6 -1 1 1 1 5 1 11857354 769486448 11857354 769486623 11857354 769428556 11857354 769655853
256 500 375 -2 0.6 -1 1 1 1 6 1 11857354 836606314 11857354 836606476 11857354 836564549 11857354 836699651
256 500 375 -2 0.6 -1 1 1 1 7 1 11857354 893710540 11857354 893710721 11857354 893662251 11857354 893723411
256 500 375 -2 0.6 -1 1 1 1 8 1 11857354 953084158 11857354 953084333 11857354 953030943 11857354 953252567
256 500 375 -2 0.6 -1 1 1 1 9 1 11857355 7466824 11857355 7466898 11857355 7460561 11857355 7469145
256 500 375 -2 0.6 -1 1 1 1 10 1 11857355 67436469 11857355 67436543 11857355 67430055 11857355 67438736
256 500 375 -2 0.6 -1 1 1 2 1 1 11857355 139878227 11857355 139878365 11857355 139872091 11857355 139881813
256 500 375 -2 0.6 -1 1 1 2 2 1 11857355 197639094 11857355 197639277 11857355 197590032 11857355 197652047
256 500 375 -2 0.6 -1 1 1 2 3 1 11857355 254115920 11857355 254116060 11857355 254105259 11857355 254119864
256 500 375 -2 0.6 -1 1 1 2 4 1 11857355 311606641 11857355 311606778 11857355 311596027 11857355 311610505
256 500 375 -2 0.6 -1 1 1 2 5 1 11857355 371633765 11857355 371633905 11857355 371626706 11857355 371637497
256 500 375 -2 0.6 -1 1 1 2 6 1 11857355 427545738 11857355 427545813 11857355 427542185 11857355 427547893
256 500 375 -2 0.6 -1 1 1 2 7 1 11857355 484492839 11857355 484493000 11857355 484443514 11857355 484505692
256 500 375 -2 0.6 -1 1 1 2 8 1 11857355 543289687 11857355 543289827 11857355 543283656 11857355 543293255
256 500 375 -2 0.6 -1 1 1 2 9 1 11857355 601123453 11857355 601123631 11857355 601065209 11857355 601331223
256 500 375 -2 0.6 -1 1 1 2 10 1 11857355 659619842 11857355 659619980 11857355 659613846 11857355 659623473
256 500 375 -2 0.6 -1 1 2 0 1 1 11857355 729522925 11857355 729523163 11857355 729391141 11857355 878291891
256 500 375 -2 0.6 -1 1 2 0 1 2 11857355 729457751 11857355 878203761 11857355 729391141 11857355 878291891
256 500 375 -2 0.6 -1 1 2 0 2 1 11857355 939679669 11857355 939679907 11857355 939484263 11857356 91152928
256 500 375 -2 0.6 -1 1 2 0 2 2 11857355 939618682 11857356 91067102 11857355 939484263 11857356 91152928
256 500 375 -2 0.6 -1 1 2 0 3 1 11857356 155295009 11857356 155295206 11857356 155263347 11857356 306718839
256 500 375 -2 0.6 -1 1 2 0 3 2 11857356 155342382 11857356 306629538 11857356 155263347 11857356 306718839
256 500 375 -2 0.6 -1 1 2 0 4 1 11857356 368872529 11857356 368872667 11857356 368726386 11857356 514182870
256 500 375 -2 0.6 -1 1 2 0 4 2 11857356 368818880 11857356 514099854 11857356 368726386 11857356 514182870
256 500 375 -2 0.6 -1 1 2 0 5 1 11857356 582585936 11857356 582586174 11857356 582392910 11857356 730589334
256 500 375 -2 0.6 -1 1 2 0 5 2 11857356 582526964 11857356 730504851 11857356 582392910 11857356 730589334
256 500 375 -2 0.6 -1 1 2 0 6 1 11857356 795899212 11857356 795899475 11857356 795796350 11857356 945260775
