function x = data()
x = [
% input_size input_set variants nb_threads try global_start_sec global_start_nsec global_stop_sec global_stop_nsec
100000 0 1 4 1 449358 661798521 449358 667682695
100000 0 1 4 2 449358 733436641 449358 744574210
100000 0 1 4 3 449358 816225977 449358 826740861
100000 0 1 4 4 449358 898337253 449358 907579061
100000 0 1 4 5 449358 981583480 449358 990799816
100000 1 1 4 1 449359 67437767 449359 69839927
100000 1 1 4 2 449359 125051992 449359 128048883
100000 1 1 4 3 449359 179030312 449359 182052082
100000 1 1 4 4 449359 235552635 449359 238044100
100000 1 1 4 5 449359 294161503 449359 297165690
100000 2 1 4 1 449359 355101217 449359 357440256
100000 2 1 4 2 449359 426541339 449359 429763379
100000 2 1 4 3 449359 499153831 449359 502357769
100000 2 1 4 4 449359 559574113 449359 562281364
100000 2 1 4 5 449359 618522896 449359 621765508
100000 3 1 4 1 449359 682561172 449359 686204551
100000 3 1 4 2 449359 742899707 449359 745426273
100000 3 1 4 3 449359 802079693 449359 805724676
100000 3 1 4 4 449359 861858239 449359 865527622
100000 3 1 4 5 449359 922146089 449359 925817762
10000000 0 1 4 1 449361 523017725 449363 227851491
10000000 0 1 4 2 449367 339245815 449369 64418244
10000000 0 1 4 3 449373 174109146 449374 888901112
10000000 0 1 4 4 449379 49245147 449380 771536763
10000000 0 1 4 5 449384 887195795 449386 615868130
10000000 1 1 4 1 449390 764673188 449391 434261145
10000000 1 1 4 2 449393 766835994 449394 420691146
10000000 1 1 4 3 449396 745792944 449397 413137422
10000000 1 1 4 4 449399 760638433 449400 432890110
10000000 1 1 4 5 449402 755483790 449403 408839981
10000000 2 1 4 1 449405 753346218 449406 425114249
10000000 2 1 4 2 449409 144116522 449409 809223485
10000000 2 1 4 3 449412 768950500 449413 441442613
10000000 2 1 4 4 449416 4542629 449416 678661935
10000000 2 1 4 5 449419 405605461 449420 63301467
10000000 3 1 4 1 449422 826532848 449423 540008132
10000000 3 1 4 2 449426 66999891 449426 787117578
10000000 3 1 4 3 449429 316864982 449430 26099729
10000000 3 1 4 4 449432 623313721 449433 327392665
10000000 3 1 4 5 449435 851483029 449436 563823144
];
end
